$ANSIBLE_VAULT;1.1;AES256
39306133306636333336363035613766353832393965643834313534393264613966643765383361
6362623031636465656163633134323336356633643635300a663035313330333561326134326634
36343432656439393632646633393631663961353637613138626435306431636561613862386664
6532623361663435620a343061663039373465656631393434646336333438356165353435316233
66633963313737626266343335303165393562643065643331363938356630396666333566376562
66393962356361623065306539383136666634626261333938303164393134353961643838363462
62353363316538333762373134376134346433643163313632623437383634323730623034613765
65643761376134623964393036616365336632383638393562656330616136653030353765313437
62343635396266373037386661316136353438663133303865666361356630323139323464656466
62303262356466323361313263646430343638653135653265373262623434666662323732316132
38376364393862343863336562653138633763346232343233386364353132613738623337653730
35346338393239323734666330383561316230623538363533386132336337356638393836373463
61343164303833616365353461613333353866323163616364626233326235616263306438376430
38316264613834303931613336653139373363333866623031656635386434336438383030333436
33323738333638383466323630343136316239353466376537326634353630613464656230663530
33656335353638313664
